92752
86099
110314
83879
110880
93481
84357
95926
115366
87266
82238
93969
87831
92457
86901
98876
90072
81218
87243
75656
91414
91478
90080
94732
87256
69736
106883
95055
96450
96946
73369
104439
105765
104745
79769
90917
82901
63361
56451
80760
95847
63660
70075
72638
109565
98542
99592
76571
82769
104765
75662
86467
72692
60362
85281
88896
97339
98451
74416
66185
65162
99623
75287
57958
108094
88741
80138
105091
96429
83619
87247
101631
89303
77992
83074
111212
96499
83754
74931
98848
96043
75511
57730
78660
64803
85110
87050
79423
91400
74214
61319
100748
93133
88501
103176
77765
102273
97037
113871
101834
91958
81247
75231
107812
85209
77939
76392
75065
72882
99565
83910
90642
101827
87784
63209
96099
74266
73526
82427
90782
66235
74064
81563
94665
72659
88292
86214
75417
103895
76495
76542
101890
86218
114905
78694
96624
90068
78294
102556
110834
96810
99680
74862
103314
76405
92872
79505
74955
99067
91016
81573
82753
104619
99390
96915
96197
73299
90590
65290
88241
96711
85145
99618
71960
76611
89225
88991
83857
93296
85238
114087
100096
78348
87412
88797
96390
82606
85198
72823
94736
57961
91048
80273
87833
107061
89408
78762
89386
104813
108039
108605
79968
95428
73783
99678
102242
111079
90964
100718
97427
87611
99610
91771
83277
94993
85430
84369
84417
82651
83271
80903
88002
96104
95137
77216
113314
63529
77426
90726
100759
92123
73139
107172
100000
75306
109283
93531
64805
67452
89817
101263
89369
109590
69093
91279
93820
94800
90724
99288
100681
68516
96845
75550
100217
85270
98196
101005
92209
94781
87411
97680
96033
58498
80364
80688
82139
81637
94861
84308
87757
90562
89852
76514
98180
100876
93925
86847
99636
76996
79568
74605
102035
83488
90621
89748
88298
101583
98572
93300
74702
97126
100471
74740
84434
93391
85038
81653
93314
102523
103180
102805
94524
83635
69115
104984
86133
69795
87206
110878
88338
99297
84400
79031
108913
100386
81178
87212
83476
101954
91560
84270
101934
98068
77333
75890
75456
84112
97958
85072
89241
85826
90857
95633
97961
90606
104624
88219
95873
79143
94965
112560
103433
93568
102463
93216
104873
93058
100504
99326
92157
64564
74608
80418
82334
84072
88363
82539
80945
67665
85076
90810
91061
83087
78897
67745
77662
104106
105100
70387
101164
81864
74083
95801
91565
91629
83093
87867
110046
84910
91018
79223
88619
92452
82576
87163
90589
83388
101737
115929
100399
85507
91630
93186
86194
81989
92898
102620
82409
80315
78598
91346
91941
94991
88500
72634
91911
98851
86815
82279
88634
96708
94497
87603
74241
80695
106829
98049
94201
73375
101003
88290
74270
93494
99926
92836
80207
100439
84771
95218
84408
112128
77156
95029
82607
96655
91556
93940
94331
83463
106574
87986
85657
106189
99792
82823
94597
81612
97581
69235
80212
95232
94503
103388
97600
83508
93916
98000
100929
100512
79982
78375
100676
69858
90933
91611
95098
95126
89737
111995
102452
102821
89623
77445
62137
76625
104284
108576
97320
71777
97761
77688
101250
64030
71270
109383
76212
100621
92405
94646
96308
81939
88257
83799
98734
81384
98243
103425
80031
87513
112394
116953
71791
91165
97683
102970
83572
108588
97676
71944
81700
70096
80674
103388
78612
72808
74396
100561
88241
107006
99500
89879
91863
101319
93221
107139
70957
68818
86263
80405
103935
82050
93642
90791
94815
88950
78372
103657
84551
93507
83453
91498
75883
102040
85066
77405
88074
88463
104066
76159
112614
77473
71698
93290
71266
112532
75232
96787
102568
67497
83863
74750
88015
73606
91172
107858
98195
80898
93940
82754
92497
79118
105306
80576
105036
81081
76413
98841
101193
104406
97870
89800
92430
89169
104151
83048
107969
90461
84647
101157
98041
66545
84482
104741
91912
102743
100938
108137
75773
67663
103922
92772
97851
84146
113292
96577
82059
84795
85971
109978
91631
122033
92980
84148
65083
96451
61569
82906
76037
79999
68394
102273
112690
99345
82324
78346
73496
99881
96382
77848
109567
90545
88546
69349
83249
107018
104607
101927
94649
109778
71890
91880
80411
90607
77436
66909
84566
89969
83497
71995
69738
93971
94824
74480
86724
86337
79955
93668
91666
89421
80816
75816
88046
96238
86474
77824
102313
73262
85064
66730
82268
70272
98460
103052
86559
90525
84174
95354
97258
79724
102068
77857
96727
87532
100490
71099
94374
83081
78328
74039
94422
69897
99642
87984
85546
92707
92820
102342
79657
62328
106697
82846
89351
87770
102148
107748
82734
80889
98073
95737
104609
87838
91566
86258
89184
71339
75504
77845
108869
100028
93829
66600
101921
81364
88956
87131
98754
68880
77104
98233
64179
91561
105009
83335
82363
91999
108525
89507
80580
56415
95159
114011
102838
105475
83790
68137
100151
75746
88398
87941
88477
82354
82450
91078
68105
91757
81940
68740
84110
79283
103246
99162
73562
79331
81094
119483
119067
88467
88952
75158
95468
81993
88921
94798
95824
102976
80535
89705
101798
81962
86824
67314
88015
82679
90705
56930
70903
84969
93157
82125
83827
95387
75576
83430
86222
82588
92750
90207
84794
72957
113950
101026
82772
100773
93838
92804
93736
80929
88764
84569
77808
81462
85208
82841
70434
89289
93084
95979
76338
92661
93665
99482
93805
86894
76024
95029
98937
73762
81191
107719
74689
90774
91545
87078
110832
82459
90653
95770
87057
91194
85343
78257
78508
100187
71060
78992
90218
79441
104384
86049
77776
107456
108232
95442
80353
101187
115357
78805
91142
109337
83872
102445
104556
93387
96289
77659
88614
80882
95411
88390
81343
86573
84075
90368
108562
105921
90080
89340
90001
97631
84858
88989
79188
103760
115929
90609
102101
93555
102267
96480
91033
58826
87938
104044
77357
88421
75790
91846
98222
91741
75322
99729
90962
85169
103547
90624
71014
84664
69078
101919
68940
80187
74256
87243
97680
83056
98742
100885
95489
94417
112578
87695
100819
93078
118033
82502
88158
78376
79357
102268
76769
78572
71083
75832
90499
96005
84295
88476
96121
97195
106731
86766
74772
89719
100543
81938
94269
78611
103451
83674
94846
76083
93605
89198
96413
98072
101172
85726
60922
103654
97251
86192
99966
100428
83308
97448
96149
110279
76508
91090
83821
107420
82432
83905
81958
77828
73269
99550
80997
83033
93484
96724
98135
84175
87379
98222
86215
88040
90742
75015
85223
111318
81580
95972
102987
93408
89735
77439
88698
75496
101236
84022
83550
83099
90183
78260
85853
78872
77935
88537
84785
95184
91100
64376
88712
99246
99195
86263
81569
85078
103525
78753
91217
72918
102081
108188
100296
81749
103915
101963
99460
87586
86366
88458
85992
90919
74133
89457
106579
88463
86049
101146
89084
96368
90407
93308
77259
84886
76288
79341
93129
79095
76025
98506
92686
92785
81977
86398
86612
86445
92640
94445
96107
87984
64849
95162
86353
80735
78484
76845
90938
95874
90552
81297
83470
95203
89326
97810
101413
97439
79856
80578
101612
82322
94519
85229
100636
75465
107870
81901
104077
83017
85408
89071
77839
100990
100320
94327
94737
104690
82303
90290
92500
80075
82445
99178
85489
81209
98457
57695
89645
92598
104018
112488
73862
103275
97459
77897
71365
102585
93537
75041
96787
103371
94687
100647
80662
97870
97451
82513
80311
102788
91006
83919
86892
102370
94773
96536
85582
106140
108276
94425
77482
67273
90273
104129
89334
79789
88441
90958
80421
94298
71874
67445
93699
81465
73881
83715
98724
76228
94114
96101
91278
91749
92003
87663
91369
116171
87899
90403
91839
83712
86407
89945
96813
94299
100552
92084
94581
64622
97994
85149
100248
96578
75192
87143
95668
57111
85687
80715
76807
92079
111840
80268
93189
69654
66289
107916
108694
81240
86265
100807
97362
83657
92696
81626
91609
94156
86142
77818
82099
87156
90020
71445
89491
89460
76943
94692
83967
77525
93698
83532
103745
52022
87408
92562
81538
90846
91567
94263
83934
91290
95695
104043
104586
94903
89199
90550
102915
67708
74896
94652
90976
76989
109217
73972
88313
108172
104466
83634
73586
86152
91330
87687
95288
113176
84353
83783
89755
99404
76704
95848
106007
94804
92858
99884
115275
73077
84250
79619
89026
104327
109998
75253
89435
86928
86272
90651
88499
66532
98214
90991
87564
105000
87760
74018
76338
89745
93989
79453
79038
95552
101922
78589
58345
97573
84862
90990
95192
85181
88831
87176
97218
100284
90412
78245
77531
96773
81893
81837
94230
108385
84017
83610
63914
85745
95724
100532
99348
103437
86438
84158
107686
90452
86493
81195
95345
87295
91208
102201
83172
71836
91561
106103
111443
80173
84964
104456
88751
74636
86816
93290
97176
77526
78878
84959
115336
83014
91185
99239
101572
79518
88382
73289
101294
90639
103112
93775
80254
86915
69687
96590
99955
76930
89117
79711
78161
87382
97065
83025
81976
93209
83251
88229
71249
101464
76408
82983
86954
94527
104536
101035
91792
77650
94670
84211
82237
86199
89792
96454
89932
75722
82786
101408
104048
97804
85232
69999
86666
93954
92714
103358
88171
62369
79237
79640
92187
95378
92242
99038
103274
83301
109985
108035
95205
84382
68725
82326
93338
81808
75692
104566
96286
93595
94424
66761
103431
99987
91251
108610
94278
89945
100976
93538
95593
92860
113906
91136
91741
86096
91663
117287
88037
91679
101066
105794
84489
106149
91056
74102
75310
90966
83173
73112
83894
104923
97928
87515
57885
85814
89795
81216
99957
76773
90971
98901
79309
115058
79174
105336
88829
97874
92195
65462
84684
88187
107657
90246
84992
92902
101597
88401
76755
115177
106960
93623
77051
91054
82394
76210
89405
89727
90760
93318
90496
88994
96369
73465
87381
91864
94691
74962
78347
81684
76222
88606
90235
108740
96136
86421
108281
77169
95752
73084
117199
93816
95576
91166
96688
101543
89148
86258
75974
103841
80880
108978
97723
83290
95823
103961
89012
113096
90188
79341
79526
91280
77617
91806
100336
89521
89095
92906
72631
84280
106860
67311
97281
94190
86728
87895
106573
110595
89423
113347
82020
96804
87294
96408
77737
85814
90155
103820
103590
87552
108092
79609
106525
87897
102384
95364
82741
86467
80914
92480
89419
93645
97522
73455
95251
84072
81772
94695
104773
77232
106744
83443
96560
75167
73730
101095
89814
95018
81437
102508
97691
93512
66000
85668
79150
109741
91217
98715
90019
99949
89036
95286
75145
104495
100280
101945
108592
102908
100406
100727
114067
97013
75755
91424
74590
92753
77919
103490
90995
108912
90244
80695
103087
72248
97959
93545
91571
93254
88319
89829
108715
94355
94988
91597
72149
96107
80307
88654
104298
96766
87700
97646
86552
94694
90910
67667
82272
98509
94355
95052
95852
84919
99955
85561
76463
94324
95228
78622
89718
106987
83664
82316
92264
83935
105292
100874
92239
81947
78558
75159
80382
95811
101035
103241
102786
98658
83931
80442
94717
71276
85929
99184
76029
96622
86287
95937
98055
84966
113784
87157
84758
92375
80166
94612
79407
97249
104531
97257
99667
97238
82361
81432
84547
96444
77069
103297
79641
82176
75279
106634
99260
89526
80872
97504
102043
84151
92398
92957
85979
100152
86128
98515
101557
87960
80645
86193
98610
84850
104997
72606
105528
97773
101654
74408
92240
68815
85674
94571
108897
102175
83284
91203
85353
83857
102773
74615
66147
98471
101891
92648
95304
93832
71134
90784
105372
80353
96119
82556
89210
82774
110431
91303
86705
102014
101272
91953
71009
99245
86759
82465
60887
85772
96959
89665
105174
82698
77431
91188
92941
67047
102441
102654
83227
80695
90955
90918
95878
91868
104113
119716
94918
76604
64392
78983
81232
100251
93189
98833
89284
100236
83053
101093
83667
54694
99635
96579
114162
96476
80163
85056
85775
86223
95434
77077
93393
86705
99993
106873
91778
72589
92172
84929
102221
77442
87033
85763
97450
98744
114527
95671
87541
108017
96812
112275
85704
65649
98121
86378
82542
83673
107594
70165
99698
84052
79585
94442
103412
104632
92105
91968
88562
87516
89158
97457
95994
118024
95063
86185
79306
93489
94470
96476
97650
81360
84293
114268
86051
76374
104406
88727
109173
92889
112988
97294
92689
90680
70016
100099
92023
101984
78619
90226
79280
100255
104699
107938
90231
75340
101358
90129
85338
107171
96936
78434
91025
99809
78516
91501
65741
84332
81680
96947
113958
68139
93298
87389
89257
88533
81589
72495
109166
94098
75364
92300
89856
89241
83271
98481
98318
85226
85601
89387
74819
83746
79582
92492
87527
81347
73651
81812
69893
75788
90489
102174
100769
81720
83632
98624
86553
103874
96060
87758
75490
83768
86004
84075
92677
106852
91506
78490
99357
101421
79390
106292
78257
96174
73244
95584
90545
86802
89843
90087
107267
84671
97709
93560
105636
105664
87521
96037
72523
88713
89913
101719
99167
82429
79220
95425
73452
77564
97546
86411
94682
91414
102353
89421
79498
100007
84558
89795
94014
86370
92390
91876
82327
83047
92768
92696
92911
81010
79895
90714
88446
96223
83059
101028
82115
101026
86578
87945
97115
97234
88408
86438
100072
76795
95763
98321
83454
101726
98731
93967
91219
111353
83190
85833
105785
99397
97556
90756
102264
72038
114808
84546
89227
98532
100125
89657
103004
88599
83661
85390
80757
93385
85103
82998
64467
89575
95841
81417
69241
96159
83671
63502
86831
80748
85511
85819
89552
102755
82736
113214
104213
85816
92961
100139
100843
76724
93177
108454
79314
95524
77567
90298
115658
92682
107255
86766
94044
108607
80066
82089
93213
80995
71698
102640
87653
83921
86633
62265
107607
97929
81149
95205
80409
99338
100110
92059
81702
99465
88658
108367
81803
102362
92681
113138
71275
79292
95298
95515
93215
92043
93099
70131
88310
83091
98449
90493
83540
97517
84061
87683
96936
61791
93230
107248
98284
104458
64463
90001
101549
83919
107296
87151
87747
82700
99381
86090
85859
76741
113076
109879
95563
61541
92856
82311
86451
90244
94024
91270
93726
78896
99570
90917
99249
106015
69442
100726
84739
88176
100033
72973
99292
108102
83369
88466
97826
79525
86976
90127
68573
94826
97498
101729
102157
86911
107289
88312
90845
98897
77535
93277
113589
88832
104218
81848
100393
85311
88555
95851
67454
102460
117413
96833
93586
91819
94744
97457
83176
93438
122058
78487
66550
67809
98430
82503
96147
91636
90482
100457
92224
77065
96787
90514
84945
83801
95241
65929
90885
76198
72610
93940
76477
96801
85604
96306
92989
80982
86955
92394
93787
83007
97378
95898
83925
73584
91347
85795
85391
83615
84891
86244
94037
92263
98287
96155
101362
96374
96585
109934
75249
99199
89756
96614
87981
92057
80219
87241
82209
96284
91473
96369
89842
101288
90217
91292
83115
80205
89131
97039
106997
105222
90315
87148
101313
99734
83109
107936
81796
96357
96414
92588
87349
86348
95797
76794
102538
101368
97156
88644
87193
95373
73199
85259
95259
74117
105882
97538
85963
82986
106779
90113
98237
104752
84142
94824
96805
96197
74803
98036
96908
101662
79400
80372
92377
96791
73170
96843
87274
87052
104332
98082
83754
90296
113234
74448
99589
90321
86348
79641
79880
87617
98169
102567
91786
51418
92683
111504
107682
101340
97461
85866
93084
69414
78665
79437
87939
83123
102589
87919
81093
98470
78480
85102
88124
100145
73894
109899
95698
95890
100173
90480
111839
99314
89507
88906
90397
90609
90767
97719
82086
101939
101148
97574
86361
82122
64746
100479
89513
93723
94987
88852
80375
83653
79973
101555
92583
64900
83278
93900
100041
72417
75069
97493
84883
92147
65307
102229
107976
82491
101524
91300
113378
111857
98016
86724
99771
75709
88311
78091
100830
73274
90405
102232
94986
110518
78417
92062
75064
94395
87880
107491
107046
99897
88212
93358
99987
80503
103571
94426
111700
91115
96045
91877
107342
98638
109527
82925
96337
86356
88833
95224
96264
83774
84468
73641
82498
93177
89924
86341
95272
93355
107488
95295
97043
94861
88607
95676
94893
111007
107572
103185
102234
86427
96359
88777
101608
98557
76923
89495
104780
77600
94405
110370
89652
94399
80117
100308
107501
73989
88661
76719
72216
89994
92685
87469
84052
76054
87129
71878
100291
87133
83021
99837
85948
71262
90143
82501
94247
114599
94481
90394
94018
90456
100477
106114
100110
93716
84925
104724
82944
76539
96833
86753
93295
75399
93320
102547
91112
58925
91619
96142
96169
93906
114460
102393
82972
95274
92875
96340
93666
92966
85525
99035
80771
94047
95784
96599
91203
95240
101913
112576
92809
98310
92794
91875
92416
81177
95639
92417
93901
90883
92314
99728
108566
96422
101793
89259
81909
111225
98006
110644
85280
85644
107855
101201
90780
81750
84131
84859
101456
81479
78704
81380
114038
101946
86497
81419
93653
96532
81749
66439
94891
96470
98015
84556
82646
84526
104539
81470
98817
98564
84527
74947
92904
107764
86982
103184
109367
102570
95011
97054
108721
85108
74576
86714
81693
94524
107249
85208
104324
87297
74566
85984
87925
88603
98480
93758
92046
78585
90529
90701
103466
91440
92569
111274
86254
69225
85098
86750
97118
96303
97861
105190
103693
90586
99958
86250
62169
105692
96187
91285
89670
86629
90642
76929
79499
73186
104834
93229
101835
87464
94622
92296
84152
89716
97566
79807
100619
111591
88664
98187
87921
97598
89904
96389
74586
78462
96312
96529
85044
80327
82584
85985
123587
78555
88548
101143
84283
97309
104622
92301
78778
84943
104347
87812
73313
91890
105424
104464
85904
115139
98249
95039
84209
101707
87894
96069
101281
102712
84452
76042
109076
96591
72801
86326
99640
89451
90147
97510
95467
93723
103195
101836
92854
92920
95790
77048
96619
106790
63056
78439
86432
94272
102208
96594
91632
92153
92261
104467
91076
119900
95604
97278
103778
81042
73172
106189
87583
82380
115246
109786
103870
95880
96888
85784
103744
110365
110663
101685
104031
90984
102678
94809
87401
81647
91683
105485
76541
79271
99784
84245
98675
94491
109402
95224
84971
92695
103997
109164
88932
74261
88101
81920
86258
98642
99495
87468
101230
96934
83573
104063
97380
80977
84097
93323
72463
100696
106867
89771
95972
94759
77026
83266
98390
58072
98707
78957
85314
82250
76522
93458
98225
69508
93462
113768
84302
90734
99135
82029
81472
92393
91056
88828
73385
85011
93671
88848
83023
77599
107314
94628
82774
77749
104154
88060
106518
101186
93735
88042
103978
96073
63441
90429
83904
103689
109042
102348
102292
97895
83254
101498
73528
93484
99755
100825
93544
91557
105625
81843
104597
85440
80873
103152
96666
95875
71056
92475
66786
80034
97750
90144
106482
95810
81273
80269
71961
83517
91156
105703
92508
101707
87885
86765
88832
75294
78163
96209
82949
70205
95839
97684
101723
113089
91474
79308
106993
100083
98816
91418
91827
91794
106250
83699
97565
105914
81800
90206
76408
107183
98172
114011
79986
98122
103343
83811
84294
94193
103530
98769
85394
99651
108456
95813
76198
71353
101445
107156
103341
90899
103514
97078
97726
89190
87623
82332
94679
102092
66267
74651
92268
85182
89604
83716
101795
89265
106741
80116
108268
95942
94289
108964
78693
93701
105983
88616
79779
86735
82295
85131
86383
94485
60244
88525
103628
76001
90827
107279
85127
107304
101685
96704
104201
107390
87276
98856
95423
99745
100831
103051
104457
85611
107404
101903
95300
96429
90491
111446
82777
99878
87156
100456
79518
93677
90678
92549
91399
65919
90015
85996
67060
67346
99762
101281
98087
97147
111904
93167
97583
83655
73597
86368
93433
90484
107894
95366
104661
90112
73185
73683
92738
95034
102640
89064
98220
92002
88714
90248
101410
87740
81802
108561
93685
98591
86565
92979
91677
77943
83455
81579
92904
80492
88385
101615
86729
88924
66028
75971
96821
77679
90794
85886
89706
97172
110389
100920
89525
81607
89897
101720
92118
105122
88573
64019
95837
85170
103962
89073
80498
94890
97382
95268
100421
92689
100188
86201
114066
93243
110345
97744
83787
97050
68125
88047
81635
90000
99808
82438
109044
94845
76724
74667
91892
87881
99065
80013
93206
68048
81202
91586
80595
96647
103590
93970
81140
94371
103883
64387
111333
97191
108328
88153
100630
93727
88306
85728
94918
85292
77275
92827
85778
90787
86424
100623
91231
97822
95618
100174
85332
87746
106599
64137
86137
85103
101328
93958
92166
73461
76249
87012
91915
89434
95062
68472
87099
83222
93725
93890
99233
92282
84448
95675
95375
92260
91136
87244
100059
80244
100373
94937
75072
85752
95777
92377
97109
96029
90313
94728
103378
96403
89559
103329
91216
92723
110305
96083
94793
113127
81172
91490
101231
108322
82163
81568
106425
94259
102300
82573
84946
93784
81162
100107
84792
97078
90231
86309
101014
88518
92805
91699
92485
87866
88126
88617
85968
105002
92464
100917
104343
90315
101007
86581
95244
103310
106749
84500
68352
101965
109866
84904
87828
80582
79116
81086
91681
98693
110680
85471
102196
83043
92571
95914
86287
104357
101381
89464
80853
61131
103726
97153
86777
87109
67573
69320
98694
98878
108131
74226
81527
90558
118594
59501
104610
78052
80554
99101
97077
108759
86888
104776
64338
86916
96310
90260
93038
93120
68976
91175
87979
99741
93166
93692
86683
90811
86521
92944
92931
94441
96084
83890
85304
103376
75925
110073
89260
93817
95902
99409
87233
84402
77110
100799
74886
88970
95934
94347
100509
74538
102653
94466
99007
89669
94240
80576
90195
90481
74639
97117
99756
85654
106145
75053
88562
75764
83307
100149
96628
97662
106932
98238
98409
100348
91970
100329
97642
93562
89977
103736
75331
83904
85382
100401
96184
81153
93064
101769
111436
65301
91772
85997
86600
102395
94930
78917
107129
84783
85928
96530
90698
98953
89516
113722
99769
95675
72497
78601
94654
81936
99695
87158
79749
103073
88917
104647
85526
88074
85144
98287
104004
76010
94309
76612
99807
92922
79453
94908
82400
107038
96696
88495
92130
95097
97596
76651
100352
93177
93985
84156
85842
109870
92004
108624
111470
74400
94141
80965
35684
108061
92145
82658
77904
76296
83193
107014
104947
101189
96841
97226
92460
83212
96210
105493
94609
94026
87691
85556
83323
78074
97973
83883
86619
83691
82849
66343
76589
90908
94916
78710
83794
87465
97017
68913
88334
76904
99574
105761
71392
86967
76924
83847
111010
106537
90248
97817
86552
112010
86579
101611
97788
95438
100554
80428
75620
99096
111737
101861
119553
83559
84849
97277
91443
92609
100176
89829
98920
92194
91499
96653
88205
96598
92862
105693
89972
90755
94952
103160
103138
80639
97283
101284
87264
66745
74155
93154
85302
99126
88419
88687
104548
107806
88924
91363
86623
91515
99917
100737
99958
92970
71039
82423
80455
85481
99393
73066
97582
77729
102293
112453
72481
112277
77147
85298
83446
90454
112253
100163
104259
105764
105706
94574
80509
95371
92875
109448
99077
104133
82595
78530
90658
114171
95936
97408
98188
80992
78729
99459
78975
66290
99673
82028
95763
113903
90170
101062
87961
93843
108508
97464
106740
97933
94160
81143
76363
95910
87800
93820
93978
97983
83712
80379
105567
74242
82388
101563
79994
105928
90466
107274
93650
82331
88873
119177
84638
84497
102007
73410
99221
95822
90887
91922
71644
77559
84046
99923
93689
87679
88997
97337
95037
83476
100627
85961
91215
66829
87515
89306
102100
77578
77051
86618
91079
92887
74061
105114
101506
96307
81302
90702
89793
109991
89441
87213
87023
113079
113178
97838
75592
93256
91604
102099
89072
109455
101329
75065
76806
90754
71341
97790
112824
83125
95417
111923
96654
77899
82627
79926
99897
88857
89155
72191
110800
95040
94645
91111
86745
102012
96607
82138
87151
100183
108823
99415
68350
109589
88226
81848
107448
77823
103626
66668
93679
91560
115180
97103
88104
88276
86350
109551
89932
92470
81634
103713
101830
97740
86003
91980
90728
74998
64315
107084
111343
87802
80619
93633
88338
72347
77337
83785
92217
95061
89518
82955
90346
101706
84620
105451
86047
92903
87718
90568
103574
93973
119887
107037
94165
79515
86831
93386
98998
101918
108684
71805
112802
100892
85140
100608
80353
90857
89623
107484
97031
102780
110478
75200
107824
72025
98720
81370
92485
92733
96529
100501
96910
87824
79694
90601
81366
89365
99119
116555
101028
98912
99678
105151
101155
107893
79527
95218
97982
101375
93999
99074
111634
96360
96890
111065
92476
89199
86805
85446
105730
85249
99467
111030
83743
99691
106219
94249
96836
104989
75256
83684
91792
81398
98968
75569
85346
97719
90807
97140
82698
86261
92426
89314
88963
91959
95853
95305
104303
95107
94310
87808
83393
89578
82345
95170
106662
100481
93325
79114
85347
73647
97888
106606
105147
87171
96534
93123
74416
103617
89859
99929
113099
98714
78312
98271
86500
105997
94775
105955
106649
103392
97954
90327
78398
84925
97025
90104
105280
83856
90148
84163
78420
83169
105970
82445
105345
102860
79696
88093
114326
91020
73800
92895
97432
102161
98624
101128
102941
73250
66155
99859
78249
96366
100624
86224
84288
81557
102055
103043
96205
97924
104030
105303
91069
95554
105743
93494
103186
79781
85715
83599
88120
98235
68416
99800
71966
82779
94188
92910
84470
72183
99230
107456
100906
108136
89813
105643
82573
79926
106225
85718
87236
89668
99314
93828
100076
110407
96749
110938
103158
100152
91373
90112
99039
88065
98767
98093
96560
68404
102596
103338
96530
99918
107796
93135
98827
102367
88191
89445
89027
78447
76158
95909
85234
102105
101568
85347
81952
104291
98108
100368
102012
96089
87160
90725
83846
108422
85081
96742
91409
71100
94490
88339
101869
86261
95731
101516
91605
100282
91003
106671
85214
104597
101296
110535
99514
90413
88422
113844
105799
73059
85085
93976
98329
80493
97795
92834
91756
75290
102593
93143
99321
84944
106775
108760
98151
91763
91258
114476
67141
87792
75916
95727
95166
94173
99701
87869
79570
97134
105973
93046
80120
97670
93931
91064
82678
95142
97376
93022
109022
97034
100474
91489
112580
98552
110423
98353
105276
102280
101569
99678
102430
98335
87953
99262
95844
102453
64630
99729
78780
81004
95801
81916
90956
86713
100804
101034
98728
105586
99242
75816
94592
93164
102235
77898
107338
85010
91676
88922
89943
106721
79856
80936
89903
101201
108681
78110
105996
106006
98061
100921
89284
111959
84469
108951
94602
106188
87467
84532
98733
93100
93641
103315
87340
86645
90349
88471
89033
88031
104318
95798
85174
104287
98652
83266
85811
102809
96762
81245
84652
91035
88043
86140
83804
94813
79290
97485
108479
85110
79775
105280
89412
86943
94868
84362
93802
77563
85192
78417
88338
106305
118616
115118
96703
95664
86774
88734
115444
118788
99424
81923
104102
83690
87403
73591
88052
93060
89944
98331
88514
86477
109775
104523
92659
100626
84319
109248
99001
85829
96823
86671
91063
78890
108925
74609
100725
95332
108636
87561
84871
98197
71359
103062
78023
104960
85403
88353
91686
76823
89560
114153
96962
69386
95747
83791
88010
81565
88546
95183
101312
107247
109148
85147
89050
83544
85775
108686
81152
101317
62666
83911
95656
89447
89351
98929
112621
68027
92099
100302
88218
94455
90121
92552
106388
96402
104267
91810
91114
108024
95976
89428
111624
94611
82754
98438
94972
101663
106014
105929
92317
85243
86369
93133
84595
85438
82513
111804
84441
90201
100348
100616
97715
101525
86897
92647
83484
83267
83128
88679
108127
92310
104519
78903
95088
86546
80413
103916
91431
90416
105269
97592
91218
84905
91778
81960
88940
92344
94236
87421
113824
97073
103750
91086
83931
93590
98431
98834
117084
89402
76599
115175
85088
98074
96289
90828
108969
91002
95414
98257
108740
105466
98696
86132
97159
118621
104585
87791
92340
95830
76109
63005
91972
114714
90720
81091
61011
106829
94289
89995
93566
92772
84960
98814
67305
96295
84364
85782
90066
98181
72433
81546
90863
91334
97976
88672
112065
86793
93695
112374
95684
91230
88663
95612
97612
92121
107340
82662
102488
105356
91079
88674
82279
97393
110810
78429
81729
87129
95620
100303
106224
96380
93407
99527
92453
99855
74527
91833
98233
94540
91480
84273
96089
87734
95581
80232
110615
94885
77603
95892
82856
98194
92136
83256
107296
112780
106015
101474
106647
71678
96120
65385
104121
69639
79175
89819
105842
78832
96210
81867
75930
88182
96935
76807
89725
72884
96771
101293
74178
93223
107866
95581
95959
93871
60467
101626
98656
96969
82992
95613
90407
92384
81237
95825
97293
93609
104839
100088
87953
90004
99901
83428
103644
68829
98105
91798
84809
97913
78541
98677
87218
95974
79994
113281
98151
92443
102456
84583
85346
93282
90992
91433
98287
101453
88117
96143
100721
102563
90258
87285
103028
88242
105953
89901
108980
96117
95448
71498
93883
97668
111939
111660
101116
99166
101708
77170
102344
62196
101832
108551
87027
92589
82917
87409
57996
88469
88571
96419
86998
83781
92079
84655
96388
107400
101026
101339
94873
86473
80264
98053
75853
93888
99028
97128
85056
99756
87823
93662
105933
93075
60330
90063
63847
79086
90293
107584
52276
96168
111385
97086
91139
90810
105497
80216
108009
112942
91993
100932
103045
91411
91722
77110
91894
85824
87167
89449
101280
108673
91912
103090
73300
87796
98910
83687
101304
93647
108547
108967
95855
96371
103484
100807
73642
84750
86232
98058
82299
80172
81585
99129
81570
90808
104359
88082
96920
79026
100028
66563
97247
99604
91222
78535
87010
109002
68964
90268
69147
94075
84766
110897
100684
92807
91001
96860
103092
103777
88722
98323
99197
100688
100089
75516
89108
95184
91318
79414
105234
69392
112246
92129
102843
110945
87244
77150
108605
76639
101170
91706
97423
87687
68989
89098
104619
97438
93881
85754
98514
88152
78326
91613
88418
75208
86011
88063
107932
88723
84958
97882
107417
91940
80647
82075
94968
105827
100408
96208
104483
83372
82138
100315
81154
91343
88365
89913
95244
78708
102310
105880
97719
76523
97180
106483
92882
95509
84381
97696
93697
98119
100858
105202
97307
98050
84225
92828
101106
93273
99084
81882
66350
98691
84630
87728
87250
102365
92187
84720
94684
91898
83941
74607
96795
101447
74197
92726
97799
84850
118153
88826
83604
100061
67497
102984
96986
113978
92726
87982
97006
95214
91849
98888
92808
79181
75160
101073
83226
88989
105244
82587
76852
88124
104352
80409
89724
94314
86473
92621
104639
108592
91327
86275
94566
82526
89501
85181
95314
79633
72127
100759
85948
103121
89465
108852
85980
89440
108989
80141
93461
75193
68078
107583
97903
99365
99608
93327
95058
94045
100555
85518
97391
98920
95634
83468
103482
87442
104761
92978
93641
88327
82454
90772
108226
104196
81863
108896
67405
96181
103546
88098
77919
104659
79134
86406
86235
77828
87907
98006
90019
102893
113871
82808
95678
108649
112941
79895
81710
82100
80285
99219
102860
104436
83043
108695
93012
103045
97422
105172
105884
77084
89843
76564
91275
92743
117679
87864
102014
104848
100985
91468
93028
95530
109567
110683
86993
96252
97155
100422
103168
108545
81247
92205
71049
94632
95006
91078
105036
78278
109937
98241
91912
84840
85950
98404
82242
102624
112214
109819
98826
87671
99492
89642
96943
112845
105854
63985
76632
88750
83383
91785
105190
92360
96305
97770
80070
101131
104913
89263
111008
102927
88934
89983
103383
96325
94082
95277
96418
107129
92871
85278
101064
94459
103964
71027
103048
91340
100336
92572
97987
116543
80788
82463
99017
80679
68923
80341
78698
83804
102863
107125
96132
87202
63970
90216
85648
108820
94511
101837
85949
82101
94434
72691
83583
107724
90432
111967
88667
100632
112965
87500
100115
96027
102409
100501
74072
71770
105783
94535
97310
95502
81200
94903
90335
97848
90766
70918
100679
113601
90618
81388
92959
93019
98406
86936
102503
87266
92781
90159
81890
90972
96758
104576
70152
89903
98163
87100
100077
103298
86313
84864
104714
77340
96884
92662
101884
89872
83776
88731
99215
54996
76789
94061
76237
95732
91599
93675
89118
100889
88210
104116
87957
107563
96895
88624
95796
98373
111710
88895
92635
99411
93003
98625
94379
90869
81508
101673
93998
94073
85713
73025
84450
101336
104069
94070
98515
102005
95811
94847
87574
92079
98147
92579
100050
99116
85196
87904
85443
91308
112726
108638
87074
99009
96385
73367
107943
93183
94524
105789
89999
93371
88477
92838
91341
94735
102634
99447
86317
105669
73793
92800
105701
88189
59490
115876
56719
95017
83613
92861
100706
96628
100452
74182
84381
97442
107209
109677
101482
101266
81366
74860
102496
106707
98567
95986
103892
105592
76784
101189
107541
103311
94879
96890
100814
113810
96221
101937
100503
89180
89338
82660
99913
92052
89163
87014
95761
82146
90115
94500
98236
96299
96625
99717
84714
94622
99436
98758
96065
92334
91509
91688
104900
88060
86431
72937
87867
98052
70158
93701
86446
84234
94247
95664
102802
93804
95362
82357
102587
104786
102517
77791
91222
76527
89794
93835
96296
79695
104893
102165
95870
81435
93696
80478
103772
95031
107086
74933
101342
108561
111370
108931
96004
71548
96399
89512
96570
97316
105461
100988
84871
111261
100272
103090
85141
65410
91192
90478
90509
89191
83506
95464
97415
88602
102251
105657
76749
89932
100577
101920
92319
105303
108146
92875
105224
103227
103951
80919
92155
87148
89585
100680
99165
90493
83076
93401
92753
83360
95985
91550
105342
96098
101240
85255
90137
109320
84700
58094
101709
86576
113346
96704
88631
58713
86978
97074
86403
80560
89997
85170
95434
111017
105345
90348
115719
100063
83956
102743
103860
103592
96355
71594
91277
95364
104096
93114
96677
95175
104167
59730
99999
85751
96884
107511
101979
89307
82260
91577
87623
101460
89831
94814
84244
110114
85638
71491
82369
97050
83366
93234
101216
97522
91208
89148
94082
77464
96633
103475
112075
84999
96433
104460
100827
102769
102646
77154
96026
104476
91380
93105
94274
96093
75966
75787
85684
103849
85010
111924
74966
85709
81869
69867
81800
103461
96790
99800
84085
80530
97325
98789
105976
86520
91786
92899
89983
102862
98154
96509
112661
76258
99741
92697
100413
91956
104412
69130
101168
87964
94874
91409
79493
111721
91706
97240
107199
85804
100219
105113
96495
89281
92859
86619
99520
80240
71740
98433
76780
65877
93009
103030
101226
85099
92170
87620
95857
75894
76922
90764
94355
91903
92003
104967
90507
104877
93753
88407
93729
84580
90365
94038
79987
88646
111322
74702
110417
111099
92585
73395
79224
109822
112276
77372
115499
88670
94751
87834
103620
79043
92093
99893
65646
101719
88225
105458
94259
113443
98433
85572
96482
103989
91577
91949
87497
77933
98397
92961
99922
87273
109172
101888
117214
91173
95415
112369
103705
96358
91077
89623
85644
100003
102721
90690
105606
85586
67288
78174
79202
85067
98879
81153
78132
93218
101385
106273
85483
106726
81290
95978
83880
103584
118149
105257
98807
98156
88577
104494
85340
90649
109516
89363
84861
86566
88980
94627
94811
92833
79640
116109
103032
81559
78263
95980
93635
80128
92870
106629
100066
93718
90967
101687
86636
98017
91148
86263
89650
85265
101455
93322
107321
95642
97851
90046
89142
82531
101366
98318
74122
96591
83713
105157
82910
81841
91040
97485
95578
87975
91073
88470
89966
83038
104820
102739
88181
86774
68816
100094
87708
100686
74384
86304
90114
78216
93985
106352
94502
103303
90745
95560
100790
92648
99948
87376
99512
95642
94469
96528
111476
100106
82113
90121
103474
99200
105216
106949
104503
88366
98493
97636
89335
73942
109530
95760
107893
94429
94681
77062
97237
104119
84540
88910
88808
89669
100197
83668
99390
74952
96827
87435
100042
79330
84599
102224
73838
94582
99148
84728
91945
85644
86776
111249
105796
94515
93071
89294
87167
87558
84811
97306
101497
81924
87010
84967
103431
88766
73407
86559
93658
96047
92933
58176
111141
95927
74337
76333
82656
99643
91451
91706
111701
83219
86217
110237
103852
106106
91361
95729
85628
100198
91446
95119
114438
96615
101885
86795
84199
96315
94406
101652
95769
99933
102648
83943
100569
91588
107724
106387
94140
83604
79221
84106
91878
63393
79423
85257
76792
99214
78345
88788
93737
85832
118819
86604
82392
75056
117051
84656
87899
111365
111263
80292
100806
97031
97597
109186
100600
89608
95216
89525
100010
89029
102431
101981
92109
87468
93418
92536
88848
102159
81846
103682
108007
106134
92744
96819
100607
90209
95323
98317
95523
102042
85648
88962
86115
76725
76766
83173
80188
72204
90046
88963
89691
73499
106169
98420
110196
99493
79292
99191
95979
71874
89190
94640
82572
87145
96818
94683
78062
105881
88573
85568
83128
92022
89800
82231
85976
98875
93025
87829
87686
114534
91582
81272
101360
89054
96470
97113
81546
91641
90075
98572
104525
112848
110348
95054
73269
70536
107019
88214
92711
98231
92047
97523
101992
91275
98912
88698
99306
111928
86663
113055
85000
85495
117796
96730
85594
86014
94124
91455
91272
97826
87188
85997
107312
94681
90491
89196
82317
115337
80528
95672
105556
104295
100212
93263
104338
80965
90630
106640
74369
78831
89235
91949
105503
94886
106320
86984
96911
103104
84153
101671
92290
100344
100474
93839
93617
102181
94528
105829
88057
86736
86675
106781
81314
93768
108853
86559
92155
97626
82699
90901
94578
101127
105708
84091
76959
101527
87962
99719
79460
87553
101708
84861
91127
77014
77947
89119
85226
95963
114738
80157
100772
93601
93686
99501
100007
105903
107580
70225
85907
92557
81379
90724
95090
103069
85118
95327
104838
102669
98958
102864
87842
103762
92490
98002
87123
87295
89695
91578
108015
90562
102758
107066
97382
86572
91058
85108
86696
92050
99129
105838
90344
100231
96674
108073
96247
104164
104091
79869
76117
92727
91833
114909
87150
81004
94287
88141
91350
92074
92528
83442
105160
97320
87699
79227
107390
85348
84611
100577
110512
88232
76827
92358
75792
82333
73381
109785
86510
84216
113476
98998
106672
85730
95523
111057
102169
88682
96435
106618
108731
100434
82650
98467
94001
116009
90337
106650
95048
96069
64704
101268
104449
97645
108253
92602
83467
96749
97726
106692
102315
102648
78730
86751
117656
84346
81808
97259
92540
96482
78068
82024
102119
96371
89153
110152
86645
82124
104791
105731
94988
105371
97625
104409
82898
91495
94973
90289
84919
95381
78490
109108
98063
90267
82737
114950
102724
106133
96137
100496
103195
92656
65720
74710
93663
97327
94767
96146
87386
104300
103525
87120
106430
108270
94587
77455
104445
106351
101027
84606
85891
87496
109820
92998
93229
92267
99394
89242
89068
103696
120377
91311
93675
100146
103766
95573
69559
114009
106944
86464
103011
96414
101166
112163
81224
110873
95567
103218
100341
92945
115845
86912
90645
110784
102521
88798
76294
88250
86540
78896
96046
101974
93913
95547
89388
104123
72253
90643
91716
92281
96682
98050
102177
100170
89495
87344
109682
91105
93834
82359
102396
98576
92364
104933
103649
98743
83710
96130
90205
100223
87440
103119
74463
76368
107433
85340
86473
95929
82592
79223
82799
88213
93804
71850
96870
88729
100061
85504
106036
86223
88190
104501
85469
108533
86687
81873
92642
106564
99419
84917
103046
93849
84748
76872
105988
86208
97251
90451
92663
100464
72864
84623
74691
90511
101615
99999
95838
78030
97390
82398
96060
80968
93702
85051
94673
83949
95826
102271
84503
98539
95594
95747
99449
83668
70336
64289
79840
93995
96588
95808
90196
100309
102044
94978
96588
77298
106857
104592
108051
112911
97082
111441
83947
95681
84812
97302
87916
86912
98929
87709
100603
90230
95956
93785
98730
87997
103239
113294
86597
102987
100016
102380
87981
100753
98097
77782
93610
111734
89837
85148
103827
62803
80121
96897
94184
78544
85340
99294
105638
99763
91470
94182
84642
87897
91879
85059
103643
78088
91800
99680
99274
77761
105408
101061
112738
79525
97828
111977
110004
99928
91046
85533
114129
95326
113437
101235
89491
93081
88473
87304
80811
102346
98468
90588
84366
99581
74205
101038
61038
86398
91714
85614
88449
104796
77889
87372
93595
83526
73958
103822
116771
97362
87804
99100
78908
101048
96251
64227
103888
110325
94981
88330
101848
91084
103752
82230
100307
107461
74659
96933
72317
89622
82734
89732
100538
84294
101541
103895
88067
96369
81210
88278
87538
92080
79505
104684
80395
89755
90972
69594
103474
91856
93336
95757
87453
84331
103755
103775
82169
96730
104023
93008
86735
95821
93101
84367
95578
106038
83566
108427
103334
96812
93508
80459
102014
105993
100041
108524
89657
91181
88830
105748
110657
75281
71075
99369
114016
76991
108575
83607
100698
97232
89584
85369
91166
106570
100422
90526
73004
91360
89223
95276
95794
101677
96991
90180
112627
95375
93408
92785
88789
108123
104156
90705
99726
91547
98906
110200
94525
96545
90413
96206
91271
95634
92596
81390
111435
102796
82684
88829
114595
105805
87136
103044
102164
98773
93843
94893
91440
87501
104923
113278
97244
92107
92344
104990
92147
79837
102187
92707
91716
81977
108061
71333
106795
99845
102020
102982
101440
98687
107410
98951
92651
107921
81298
98238
96832
72610
102891
94478
93807
112598
95129
84367
92597
94342
109611
86891
103296
94398
101296
96936
94443
78298
93440
94713
92347
84318
109599
83295
80139
87478
102529
93548
82861
84507
105393
116802
91717
106861
93265
89338
101592
81398
73003
87956
87342
86107
78387
81866
90819
91350
90974
82719
89656
105273
100135
83279
94820
100853
90495
106095
104128
108034
111676
99041
88487
98119
92040
78075
97373
100808
84041
82283
92538
97129
92473
100754
106398
89458
100516
96587
102101
73856
70158
103206
70096
92895
96115
95348
102978
100569
98843
81583
93463
79701
89977
104788
90683
108942
78517
93643
80714
97458
79833
89059
98035
105456
100601
84280
118273
87524
70214
74468
98437
91405
79396
87976
94183
82314
94302
97118
107015
74124
108850
107644
100020
90330
101496
107244
85225
102278
97541
93163
101086
93553
101887
94836
94686
89356
85038
83317
84024
104324
100190
79650
110371
99107
110560
97043
74457
94285
106259
96687
105769
83407
92150
73170
103994
104638
85438
106988
80181
70113
99366
89727
100160
79242
89171
74510
95263
98386
98656
92193
103949
88052
86994
86933
116085
102355
101178
82055
59479
69272
99154
106683
78867
110837
85325
85429
87280
98765
94682
94439
87293
115338
102388
73077
104798
81575
110792
107989
87633
63473
81371
87233
74417
92304
88514
89056
109124
97978
113017
107706
81677
103222
92499
84110
94354
90477
91921
75797
79863
81638
98688
105604
78984
76517
94107
105912
86550
90460
83795
99595
98911
95847
89081
94929
104831
108578
109552
86517
100951
78870
96150
95351
83764
91432
87741
103826
100334
78984
86886
84736
82485
101922
81203
84217
101084
78674
104894
98471
92775
102474
103995
88916
67496
94257
74830
78925
98531
99279
72230
94015
93728
93805
95192
111530
97782
97283
93422
90733
119373
92015
94571
84920
88768
94544
95426
107277
99746
63540
104340
103780
87292
103816
93372
86688
86503
88991
81303
96239
82552
108545
95429
95724
82531
108720
92307
107957
84752
84541
102867
82945
99487
92850
86745
101146
78993
76916
93731
91730
88275
96359
95796
100737
93386
100339
111035
78846
106058
87884
92828
99579
88830
104833
106412
101314
99645
91352
115619
78873
94596
91264
95935
86918
99605
96747
106841
85793
104433
100404
103600
98374
82613
80615
111903
103206
72777
79436
111847
109853
98141
86555
111784
92855
88656
96465
89873
69685
95931
61970
90750
99970
72201
74753
114422
90151
84844
92899
77981
83681
92180
99930
88300
104255
86382
107710
82092
94386
90967
86680
109247
85331
91202
81120
91252
113255
100070
97691
84683
66909
94630
88976
117807
91514
101850
85286
91417
86132
108317
90825
84536
95573
110683
100168
80461
100071
96276
86005
86716
87902
102733
104034
95992
88201
75284
92863
99524
93813
89325
88976
90572
107326
86355
94218
94432
76845
95828
86968
96824
83964
92864
97571
99325
116579
96149
90165
77591
87612
89291
95954
101880
97132
91892
90583
93891
95632
100647
85296
85084
79196
77196
100906
106903
92715
77407
101684
96152
99717
101490
82401
92444
81010
85157
95052
115395
98180
89534
77760
82967
104084
95298
104448
92252
99118
101942
104715
104385
89126
73462
93514
107518
84859
88003
100548
96422
90900
102704
87296
96310
108539
84829
106065
96649
67069
87775
101852
113498
80435
92761
100333
88239
88052
88470
91913
101517
101422
99457
94219
96438
91032
97772
108924
112307
99687
88823
112762
105479
94819
66300
96604
101727
93084
104045
94220
93519
85482
93731
100777
79205
92700
85284
97211
101549
80082
84455
102757
89861
82021
95920
79281
97182
101092
95339
80403
99639
115841
86903
94716
98309
99431
102082
96225
106277
104730
88393
104526
91017
105610
81499
89522
90664
81874
77189
95328
79940
99314
96000
107373
85031
109646
93483
89295
103770
82196
108461
75564
99276
95241
90067
105789
66268
107075
89075
92240
94008
94930
103446
96917
74827
86633
83683
84881
88600
93651
112550
82938
90006
78627
86079
99984
115461
89761
87593
91933
83390
92384
86420
104540
99222
100662
90744
95545
116426
84646
110219
85203
94891
78776
83728
93799
95713
98791
91492
97199
106452
80880
101179
89103
93009
93838
68790
101586
101221
94666
101333
102711
94385
82004
104365
99962
76182
96738
119370
79084
94452
93274
97080
95674
78238
92667
106281
101175
114035
103602
111029
104114
83439
87183
106206
97375
110847
112747
87440
87457
88109
108608
100246
92463
88802
86763
97680
83135
100386
89982
91897
108899
91645
101864
93691
77657
96542
92595
91164
101528
79267
90337
88134
105454
99403
76984
95404
59118
103592
86599
103131
96560
108369
94128
82937
103826
94447
97971
98155
88992
106270
89244
111845
79542
83053
90638
90924
82041
113859
80507
109670
116472
88054
107479
77479
81647
86225
89821
87309
96918
83290
94938
106076
88372
95251
81694
97204
89029
94040
111709
96604
95459
100585
86359
67628
84326
85117
97497
85877
88396
107422
98353
113736
106817
94543
80142
99042
87460
105145
94454
95700
94231
96327
90973
92165
95250
110507
87928
98325
95967
74667
86109
98906
110283
95890
76164
86085
97520
83711
101384
101529
102679
96845
94813
97019
96291
83803
102482
82399
83026
105918
92933
78941
87545
83587
108403
84818
82918
95674
92541
105450
107568
92478
91029
78033
85124
92239
101666
90977
94926
70193
95671
93234
82092
93027
88537
96412
102455
87301
85199
99985
88905
97830
82611
104502
90477
101930
93308
99027
102602
75879
103978
96829
93138
95196
88324
91827
105971
91282
93444
112008
111308
108102
111467
68041
80092
93012
119281
83276
106879
86023
89886
103225
95317
107413
103988
119055
97472
101478
102492
96784
99250
103454
79247
90426
87950
87500
91665
85097
94716
87194
84857
95775
85581
97301
108779
92730
91239
92523
105072
108198
92668
89485
99293
98615
83839
95560
90690
114871
81669
102165
94249
93218
98830
89649
82830
86064
85724
94956
79899
87612
82487
81658
86852
90875
95593
87921
89770
91628
74374
99885
102354
108095
89700
94712
78171
83233
95656
86812
98597
97229
102338
91942
93703
99655
101446
89903
105191
61080
92558
64913
89060
94699
91775
86893
76590
91493
94930
88505
86165
102543
98864
90341
64906
92661
85912
92361
89647
63784
101882
94979
108755
76082
101474
102256
58067
95089
98896
81473
84433
109402
101863
101852
100639
100651
77570
96080
111868
115885
92188
88752
110641
98688
87692
84331
86896
104076
81990
115583
97078
110804
97967
80412
96390
98899
90398
93125
86222
92234
83582
99497
99805
81251
90424
81164
103040
100284
65030
86646
93984
94547
81790
103351
102722
107376
89760
82023
79824
97153
89666
81219
87578
83500
88222
81016
87881
100992
107541
103049
100048
101811
95958
94204
83231
81128
106324
88365
111332
77352
105620
96731
101771
80661
102840
95274
89448
86396
96797
99122
101383
99604
90459
78668
86596
99837
83930
101819
103820
83931
73899
102250
116331
96087
96874
88968
104136
87212
110167
93523
82418
88502
93376
60968
94704
99721
97792
111343
88674
94423
86017
94345
97389
82431
88652
87547
105040
82951
98369
93871
97236
95137
84872
98520
103649
96963
99440
93575
87118
86175
78934
118164
92069
100625
84634
86550
96976
99319
96982
91177
69511
55721
97175
96174
79815
97586
95536
91260
84857
111275
76529
97617
102500
81564
73865
74076
97943
96986
89779
88982
108161
80048
98807
95123
78509
93906
96197
107977
95683
87752
106970
97833
102590
76944
106524
91170
94733
75971
102510
79190
86567
103266
110586
82053
84821
97169
106532
97642
91061
86207
75035
85377
68663
89552
100749
92462
89491
88199
108474
83874
113869
103034
106804
58172
78824
79526
81152
95474
85449
121706
95992
97481
102166
97786
75290
75698
100251
88533
94689
122499
91398
109783
92300
77634
68316
98793
90428
105220
109478
67868
89141
88695
91752
104899
80728
105942
84037
92087
96961
83914
112043
80075
72158
90169
103436
111265
89354
106077
98029
110866
99303
101911
100527
103154
106516
93145
71967
81599
108356
101122
110892
111845
69889
108716
102690
97148
99783
109359
88685
75260
101545
88823
96514
105633
103580
94018
100356
93664
100924
87217
89072
100146
89556
106967
92918
103189
82888
92542
111239
94925
91970
88516
105275
98448
89704
104081
75638
110534
100830
96336
94744
100724
108020
89463
82131
94526
89553
94807
101793
99203
87453
98131
98327
109728
109528
93503
99974
91324
97436
97202
93741
108142
78745
107273
110835
90918
84506
94902
93016
84538
105945
88260
81265
96410
114333
93275
96248
87073
70696
105792
94959
95644
98347
105172
78335
84682
122378
84147
85898
104422
92567
89198
96308
89757
85618
80190
99646
111687
90005
94526
105979
92977
96114
96705
91757
94180
78683
96226
100155
100764
97365
93648
83654
86539
91394
87477
82546
93582
100625
99607
82432
103938
99082
92061
94814
93689
95081
82469
95192
89924
93349
77968
93426
83086
104459
112640
109787
70295
84388
93087
105516
100714
82676
96446
83528
96722
87676
104138
107889
115658
97735
92217
92758
93446
76717
93529
92952
107070
104230
108068
82558
87089
92564
99662
98755
99837
108807
100467
114815
95703
112003
105158
107959
87427
94326
105783
84506
94836
84020
80246
89705
99521
95954
96430
106170
101885
95872
84721
98039
101207
81525
110149
103383
81447
80903
105548
87323
96424
78418
103113
90394
89553
86367
103401
94574
98159
91894
94201
90779
99286
109223
85456
79552
114118
82372
96587
88829
91250
116217
96201
95246
103551
108453
89453
80696
102091
88920
100345
91686
99391
89805
83398
78586
85933
98186
86653
80083
105051
81974
91966
92477
92632
70814
101123
105210
116303
97685
90686
103157
101954
86000
103722
94616
91526
103962
99560
87682
81960
82017
82976
75568
82345
97104
96653
86075
87901
99104
69356
103185
97008
91771
90203
102780
91427
97619
103261
104569
89517
87354
106070
75701
92539
110921
88985
100380
104511
81021
89531
113272
105371
113610
93968
92395
86829
101526
113984
84285
76966
107948
80654
104564
101822
91326
92037
86792
78918
80297
87362
98498
86953
85350
103634
109865
82578
117871
94132
107576
94869
89773
93060
91187
87471
97228
86428
95486
108192
110994
103958
79188
98637
93103
95081
99867
84570
99222
110406
68962
91933
98898
89253
96817
92211
95048
102076
99893
83393
88523
97683
72722
85822
104464
105858
90538
96003
94780
85707
101044
84187
87819
75215
96711
94778
108177
87958
90135
93965
90130
98004
93545
86510
89725
90456
98454
98801
67366
101808
93838
110130
96028
100225
116506
109201
103170
82407
108922
86448
78082
105338
91280
113019
91565
115189
105814
116166
109626
89168
93149
84888
63487
94078
92182
94870
96521
98772
93042
110866
112308
99952
100323
93739
80680
83979
106004
81044
91313
83354
98292
89171
91223
91907
92509
80659
87798
86820
107343
113242
104028
81701
106182
107212
107049
93047
81776
90795
98664
88195
81422
70617
90306
55299
81589
86022
106902
108321
99338
90966
96928
95852
99630
87045
82824
90477
95830
78379
99359
98429
85337
95265
105215
104422
103698
93048
94439
89416
110315
102665
113352
90686
87100
97989
102248
89263
88599
98980
88790
105130
99519
98561
92344
88370
100613
88557
90992
102678
94472
107611
94304
78655
78481
108317
92189
103144
94453
109059
102820
88711
92094
98963
110068
73873
92212
114804
65913
95303
92569
74040
99078
103664
97030
93643
103396
108089
104017
95998
99750
95820
89164
89127
95430
89538
90906
100646
98707
99223
103779
109450
107293
85913
93046
77619
97584
74057
105400
98876
91379
87239
93908
95626
91548
94666
107668
100764
86858
99842
97161
97856
99538
94851
97571
102741
100704
95317
96622
87869
84858
99456
105496
101134
93504
90589
96619
90309
81120
89745
98178
115698
94603
76389
86408
103917
90266
97972
102905
97646
98655
96394
102211
84635
81622
99907
103169
95966
88032
107943
105203
87094
89842
91126
99953
90854
89035
94307
87448
94363
95007
65920
83516
73407
113740
106294
97998
95516
92511
104297
109004
102223
76957
83760
107906
107898
80640
94068
93619
104605
64920
90497
86212
88104
119218
90016
117653
104933
93408
84222
88858
103554
108472
94775
101509
121236
79402
85395
93323
96531
78971
98884
94775
104690
74341
96504
101477
93220
103210
102427
84763
82228
82755
89957
88618
86773
84700
105840
95589
117021
75372
83798
90719
88123
94958
105568
101824
93854
89082
89713
90055
86928
98719
94530
92798
105014
100783
77667
109079
95185
95867
95114
100879
102226
99022
112439
105181
84860
66260
86139
88138
86303
70573
94701
90429
81562
99530
78773
107034
85053
99014
89765
90704
100498
92164
90160
87999
106756
96023
83403
81969
93978
101659
83097
94593
90177
88486
98217
105784
112759
94782
92643
99618
92428
97933
91767
110519
94936
103986
91300
112142
96815
98232
102299
79611
100015
94757
94012
105885
100831
83797
107910
115534
90778
81718
97033
95060
99608
111644
94889
96977
104326
96656
104277
107308
87036
89433
102635
105422
97042
92418
92517
93190
88764
103304
97111
99940
81466
100777
99677
75642
97082
99764
102278
102319
87933
103529
76446
69272
102657
110515
99428
105656
98366
102260
100006
82251
87509
97762
75207
82207
81278
72755
116240
77613
102932
97666
92217
97071
94188
88722
101161
102094
104731
109143
91535
92380
110358
97310
87712
90332
80046
104713
92875
91675
96508
85047
88683
92100
111450
89688
79629
110914
83377
99387
103738
106995
107397
101641
84388
97994
86393
87418
89121
96886
88693
94008
106504
95936
94981
101989
95478
81944
96269
72102
76979
93787
96105
90304
102994
96407
69825
82314
94523
96187
85854
69873
107303
102424
91284
79794
96496
81993
94155
91188
98369
82994
79597
92849
109158
88617
87558
96728
87910
90612
94828
96383
89804
91287
98229
98475
73703
110827
74358
95880
83314
98707
87858
79207
85268
89064
89065
118177
93674
103788
105579
93595
101939
112299
100409
78660
92363
83529
78332
83281
107880
100884
104190
87793
107173
97937
100608
101109
100876
86015
112944
88125
103457
93623
85784
101409
96807
100428
95473
95432
93148
109296
77433
81292
94292
79163
99694
109562
97359
85425
122323
98113
92407
86918
113600
113790
102870
92295
92847
71441
98625
96200
100382
102413
103851
100818
100250
107848
77893
68831
96804
83512
81875
98256
91034
94418
99082
74741
96257
99999
104951
92728
99341
76810
100827
72145
96383
98528
99895
89459
105320
72690
94439
97523
87975
94359
93116
90953
97706
98620
94144
76805
95049
88511
81650
97391
119458
93505
99010
98534
92615
99554
61982
86046
107425
89826
91873
92960
81074
97803
105824
83943
113054
96413
80155
109985
84642
75339
102549
98764
94923
106485
72023
93360
81423
98203
91613
92746
84000
96862
111452
97608
110835
94442
101057
83352
81397
102724
72412
93334
98280
96009
105029
102562
103440
97845
96281
95773
97051
100742
113262
86225
99243
120597
88259
83049
79679
99369
86722
93607
104987
87944
93972
90833
107499
86458
91116
98968
101445
61018
98053
81532
95056
86668
105203
113053
84798
103369
108285
108624
101418
76902
76816
77118
98465
88672
87827
91123
110399
85410
90450
77985
94133
94542
109691
89245
116711
109158
77429
81387
106207
89624
90737
101383
72002
77771
102140
81600
90333
99975
85570
93253
96072
97051
110532
94739
100409
98919
74405
108581
103409
95560
123771
100851
95011
89103
81768
70631
102625
97269
99827
86934
103573
80129
88423
100391
94182
97661
74470
103187
95253
88792
86684
70244
84926
106887
101221
105592
98556
89248
112159
89834
98628
100132
75923
104824
87333
98282
117416
107101
90865
83195
91722
85780
108749
96057
103840
86459
96531
83700
102866
95494
93397
87575
91806
78529
86763
100049
96309
94400
105502
88330
79716
90570
96660
96954
87438
108220
100230
90893
95242
76506
92695
89749
99249
117224
103230
97727
107535
109990
87342
76946
106453
99914
105052
83016
74846
111159
101398
100743
103757
94397
100996
63890
91681
101210
110733
100151
102506
99171
103329
91728
87891
100707
99337
105504
107281
95599
104335
72532
111386
72569
90370
96869
98415
92780
74260
99219
86758
91820
93523
99623
104071
108108
86178
106303
94011
108815
87896
95768
93610
72852
97813
94356
97613
91683
93426
107289
87576
111919
91915
79796
99252
99095
89793
107319
112442
103405
107157
84013
96088
100286
100689
98522
81330
91610
85030
87127
100893
111620
87705
99677
97023
102863
90649
93743
109999
102344
98053
119089
86743
97240
99301
80736
84116
76814
88617
110914
94238
99274
90055
85524
115404
86109
76370
90186
82409
77318
106136
110337
93026
81853
97297
105276
89681
99944
113415
104057
98120
71851
99921
85969
83631
73338
94459
92798
82301
93695
86782
102343
113094
83314
91895
96895
95795
88146
95382
88719
95802
90658
86837
105273
112265
93037
103250
103199
93987
87979
86210
96055
81216
114435
96485
93476
89667
80993
99358
85274
93822
104864
95418
99675
77666
87275
96073
97411
102240
104130
99103
90290
96671
84404
79577
108479
114384
102909
91764
63916
99391
84664
88927
84488
99115
91829
86844
102433
94121
98746
93877
90691
97883
114918
77605
94334
88146
107327
111306
94230
73972
85072
103345
90335
97182
91278
89765
82942
91166
85144
91062
92910
87931
96365
101918
99477
95475
108578
93475
100301
98218
96079
99371
106563
98681
113678
92950
105823
102693
98236
87476
83331
104626
80560
91502
103654
96456
106073
96384
100210
98696
91350
88188
96308
92634
112639
95982
101364
94464
96820
107209
100937
97161
93318
93457
87289
89591
92694
86130
89641
78718
80510
93323
71001
87378
102756
87101
90982
106369
101195
106832
83795
77542
90578
95472
89677
97678
103360
95134
86929
84500
86139
89509
83120
91286
99240
98762
95061
71684
108525
86120
111235
94828
99940
98736
103375
96642
101368
102538
93452
97330
91743
94912
87684
91013
96834
99295
112645
80966
76741
121001
94961
91511
96082
105805
95392
87718
84984
90212
95709
80486
99002
77205
87777
98209
103673
97175
79578
81201
94250
100295
85706
91387
96354
79476
95996
103432
80990
96058
96621
100331
94790
96909
85664
94881
76020
99468
85596
97625
91505
83410
102007
82637
86431
99836
90885
101279
85476
73107
98361
88592
93348
81457
88001
91547
82842
101218
103153
104070
100445
91718
91442
89686
85384
103808
82127
104516
98219
90962
75138
90521
94874
101198
91545
88966
71709
80710
109430
92707
100937
108495
88728
104782
103895
85347
87877
94869
87131
80585
94152
86073
102284
96037
100365
107212
90301
111111
99137
106365
96622
108926
94471
89800
95562
96632
100383
91873
79033
99211
102584
110355
101226
96508
88031
98972
83345
98507
96934
87737
95446
98422
100897
100407
77694
91631
90012
94560
80672
68752
95860
98697
98785
109199
92426
77119
81469
119317
89843
76426
86826
85282
91100
104419
87195
103265
114277
92247
80458
78565
108198
104043
80090
75290
114438
85978
66569
89394
90229
92225
104702
103319
102179
103605
101359
96905
103604
92660
98254
92897
107078
98717
107786
97693
91449
91074
101505
91717
99253
92673
100952
94434
83576
101317
111945
94281
80438
108255
90899
109389
114216
101540
105080
94139
86150
103769
93029
97267
109615
86819
82483
89843
75575
93469
81533
105436
89636
92783
103592
105623
92926
99412
112535
93239
83823
77249
92897
88035
90418
113280
75859
78287
102133
93002
91450
101943
105581
104732
96318
95439
99159
100793
90400
104191
96804
97700
102632
77399
97900
97750
76856
100691
90638
91020
105813
107517
89910
86297
88607
91889
96464
101239
89169
86042
86036
82561
92067
91315
89765
97503
88067
93017
99064
82145
104253
101396
90905
89157
107387
98623
107271
110158
120167
115498
90161
109963
97815
92869
77377
116075
97672
102675
89424
109513
97082
78470
94696
100942
83405
89240
103359
98462
100685
113964
98139
66385
82836
82104
104424
92976
109086
98216
97234
97342
107129
81470
92525
103247
73264
91103
103952
101662
69440
88458
74244
87107
95669
96976
100050
96312
79199
88000
80826
93717
99107
105030
104184
79586
83517
97208
105539
81323
101878
100364
98863
114333
96650
91315
103738
106091
89382
90236
96390
102405
101177
89148
109057
86386
99900
97931
94101
109272
102599
83815
94735
96742
110888
86100
94118
99529
66051
86250
116461
94494
114826
102629
72512
82386
93065
91018
86136
94533
87006
86099
105308
94962
104698
93605
103816
81666
110190
93296
105310
97352
98777
98637
94674
92029
102108
107596
95880
99245
88787
104179
95853
88163
95607
89958
108839
93325
60047
95796
83488
91708
82438
101853
93173
86418
72698
92884
96907
106447
103360
101222
106810
96871
106052
104580
93532
95454
83538
109642
99705
111325
89212
98522
98794
105439
79818
80672
89133
89406
88462
116721
88393
83781
95386
97371
92586
105641
96613
87769
117094
91014
96025
85667
85857
95424
79255
96686
103809
92138
97567
96048
89228
97719
98262
105226
96785
100235
87090
82464
93196
99468
99641
106031
82051
98037
108962
79299
86550
103011
105751
94255
100185
106626
105097
106232
96693
79410
97473
91800
107739
78545
110064
80205
90790
120744
92361
96872
93567
78455
84338
104985
93952
104028
107885
95672
92438
92894
89217
110548
99544
111842
88563
88390
99658
110370
98144
94360
96493
89123
101081
115561
93631
100370
88116
81862
100206
65682
103983
92138
101699
83583
88799
84050
89752
105324
108893
95908
97224
84141
98331
92602
107791
81916
97299
116511
95898
106570
96936
112182
111718
96079
97982
84079
78581
93966
84385
107611
100681
96453
108606
91413
100677
111408
102946
88128
113930
102893
84817
96161
109173
91272
100756
102385
100715
109266
90448
93942
95482
116079
104679
82567
105514
94848
112896
92305
93776
92671
84378
98133
113169
94837
87984
102402
94553
90921
103894
85871
93386
106932
98572
86897
71496
98036
80437
85370
95435
71100
81891
95545
89115
84523
92227
107783
103773
89389
91090
102331
99400
90051
94015
103986
112985
112614
92027
94121
107826
90965
102802
92498
87599
87848
92854
85228
116369
96483
103406
78029
75155
111017
80168
102576
119274
99326
112289
100229
88856
92765
114540
104714
98938
78060
86546
112815
91985
86721
81808
103776
87547
85069
108410
95800
97467
78483
81178
103630
86816
83981
91581
85858
105219
78587
100348
117257
87254
97071
106017
101074
104040
98353
100787
96840
105555
94683
85407
90953
90543
98269
100371
85481
90544
75704
97656
86866
107355
101086
88080
99408
95479
91022
105066
96644
99005
101726
92363
87083
94003
94973
86424
74664
115587
90087
61605
107996
108690
92498
81275
78225
98607
100066
88548
91495
99729
95003
103689
77338
95023
106030
102880
103156
94378
93492
99241
80966
93152
106457
105852
97908
76246
99780
99232
104032
84491
100877
71767
92939
97041
86938
98824
95393
107451
104990
116145
82424
102773
93330
114492
115495
96561
80627
107463
89707
78369
76039
98302
99398
102327
91650
101088
101903
109455
92009
90477
90887
95010
113879
77198
99392
88323
97746
106579
97809
100222
86482
89938
109826
98537
80120
72341
96547
89508
80082
112494
95924
104526
94760
73488
103383
117573
85889
90058
97846
96123
101057
83703
105732
96063
98392
100396
102487
88210
96551
98398
96340
95981
94348
109038
98531
87191
107848
86665
95192
105739
109165
88025
91154
93202
86897
93357
101545
81805
92141
80586
94654
103244
109633
98763
95376
97082
95532
95346
101192
99593
92772
102853
100970
80845
109648
105636
117892
87283
78271
92680
113631
101064
110961
79947
92491
103298
88276
105732
96417
106745
99348
99922
76837
103810
100059
94893
99145
99910
107143
103103
87555
103387
114166
97080
99335
99772
100775
98583
93562
100658
85014
121012
98762
105758
73050
100567
86047
93605
101909
113590
95603
100220
92385
113438
102501
92393
100831
111775
99011
98259
102681
105053
83641
102746
108767
104683
89886
95727
89889
92648
90195
75869
97963
103107
96836
90624
93313
87898
120483
91239
87752
100932
91687
111424
105956
107203
100464
97038
105827
94985
90243
87269
95718
88486
84187
98790
90476
97075
82376
98019
77982
98045
80957
104168
90111
100840
95967
100521
93268
90457
113621
116114
95341
99120
103246
110969
105464
75632
92817
68767
91504
104675
105745
98956
78479
103904
90257
87230
109641
87751
106056
113491
98507
117127
101161
110831
105150
105385
95830
89313
101777
107571
87429
99461
97657
90567
93958
